53009
71778
78800
81684
23281
1750
54836
15860
54147
48898
31703
10147
85766
1061
42902
22943
62153
7069
89101
80254
81214
18377
50041
82720
58455
65496
96888
35879
36455
3265
9270
35269
7852
51746
82155
88415
70838
92760
54323
96909
3078
56063
2402
53486
22473
43674
22260
31396
1333
96064
62985
56336
14298
99703
87811
54838
29746
71898
11011
67230
99423
35901
130
98166
61717
16939
38891
53197
50208
48118
17680
75978
91091
74100
55732
57435
80522
79957
61952
35591
56122
52840
9799
42719
15645
4846
35704
85130
90170
46940
70224
60121
49258
5796
76452
24473
1096
18138
1185
29394
51976
20424
40886
27893
6303
75682
86748
42328
20884
43815
40935
52219
75372
6903
89578
25418
84514
6814
77173
69337
57252
38861
51716
23162
2736
72305
40278
46872
93958
36160
70642
88331
25996
17080
76239
25875
47721
65009
8804
90525
3375
91854
36016
69333
93555
78591
19837
79353
53898
77021
55359
80347
54185
3841
99657
63561
40568
76711
35491
13793
79296
34694
95654
92434
11568
18752
20348
30300
96048
61888
32163
50804
98083
53089
91091
66369
82821
94399
35436
3994
83197
66248
23586
19471
43131
52586
66308
54019
81324
54435
79558
71936
81678
38128
93766
93377
92612
22826
27121
2477
9482
10818
67612
67760
21790
3646
11383
59169
30048
27316
73444
84005
75898
10599
20844
92707
83523
21908
78136
24622
80359
72241
20269
73786
50802
34383
99035
55228
77849
11864
45752
43414
44517
15071
55075
36199
99405
66479
82680
69995
38888
62155
83000
74890
22246
62459
72279
12014
15367
71309
26924
79741
53738
90443
17469
10140
26042
2747
34400
2588
5969
47061
83712
57587
1744
95772
17226
80527
50381
36066
15574
22554
56825
85887
60181
13638
66924
46448
14682
21578
67540
4559
85892
39921
27163
50113
49805
67618
26000
66705
9039
93743
75814
86703
94735
41709
96651
75984
38105
59151
148
28123
14698
62013
27220
2969
7860
54365
1725
40381
46977
49084
91090
16284
50800
8778
9895
85289
46457
11188
63059
71772
40736
18801
1549
29623
91805
98504
55425
89789
66725
93872
16536
54309
72966
21
66363
75680
20570
28960
83231
81224
5707
81983
17542
63541
6071
64894
93688
60177
43882
91686
82931
88324
3242
22843
92842
83659
85148
75470
35750
16368
45692
24276
71198
21933
90810
84728
65526
89451
94371
32729
75487
96052
65526
68765
42194
62408
15896
78709
76706
31365
67548
78332
29210
39429
98641
54062
60034
59111
45217
28653
72614
39088
64815
87132
26043
58662
20418
95803
18012
43198
61712
35041
17677
58004
64686
45226
32419
9559
40353
54421
12454
35025
38672
16249
32920
53683
54710
36914
44322
87198
90684
11417
49101
29578
39718
20787
44652
62226
34975
64459
71205
64654
51290
14972
16802
67242
55522
85737
60966
28849
76519
96873
83700
99122
5964
8990
27070
43039
47284
70254
72926
63512
1422
88209
92200
56814
15457
94556
28715
75126
22896
18463
3625
50698
72920
21947
65350
56905
79946
79515
64262
42897
24582
3453
1406
80621
2359
26048
86199
5639
47621
50490
39275
16482
56502
73334
93601
21203
95132
63124
79445
84341
7071
52166
26971
32694
27391
61388
83979
24072
69931
31894
25710
69667
78953
80988
28650
27693
26757
35382
90933
53647
94763
19720
8174
823
97172
94720
55496
13660
93496
45933
84014
46038
89097
21514
13180
66816
41337
5357
89188
85712
73001
90590
83992
44048
44385
87636
29550
66924
50763
60933
17531
66081
92897
38880
45984
15999
14853
82690
61382
99697
15575
31580
26972
35273
18521
64073
46474
49381
27095
28200
85994
59646
2718
96976
66370
64441
77079
99782
43196
15519
50425
65145
52440
66645
33725
85887
75797
49677
64121
83733
71861
28496
60277
7213
26677
20703
87076
44047
409
57188
67568
67193
85608
70502
14172
62346
46985
64335
50803
3933
82570
18513
62970
56486
31839
26559
43820
78787
57612
46184
702
99268
45438
67001
49008
12921
96718
64290
47918
22296
39929
12839
26093
8185
48112
80671
4469
69190
30159
8894
48002
13613
58474
10974
68544
21965
6200
92395
56996
23894
93512
99967
44453
49420
84327
58992
79280
21135
32342
46012
59867
51358
48416
75082
81298
96244
50130
46268
38217
97459
58696
16537
75913
11254
28456
5213
96952
84651
29827
38905
11665
88938
57835
74046
67356
61785
5248
9170
3331
41016
21879
13564
56646
95464
79740
54133
86972
71299
77512
98085
98018
75837
47182
5518
7676
15097
70735
2990
59391
86196
75418
46857
73204
1212
52357
43474
6505
85202
35227
92240
31735
47853
83169
57072
41114
75566
35310
52016
56922
28788
43002
47549
59953
58010
40285
65514
48451
71078
83129
32720
5194
94353
73607
5863
81318
70710
86461
63792
2090
28522
32400
86993
62015
37458
24987
8793
4511
39346
66125
27892
74841
5300
28916
17679
94072
23935
96058
54200
26529
69732
6977
11681
3566
35492
77520
42214
22403
38277
82318
64487
60392
24376
31813
35386
32257
5558
33469
67829
70690
56245
99825
88389
29167
89222
54823
99046
89881
6110
94240
18835
9444
88078
76068
33223
50321
52125
52323
71710
26908
48750
5058
67452
41767
17946
16221
26625
99722
52191
83538
49827
65362
37476
92740
2938
72953
56379
70211
30726
6833
40844
69552
42843
45088
56523
90564
78970
99622
85424
89774
77494
91700
49106
17950
30435
73635
80734
11889
6249
44462
11103
75329
61692
10327
81047
6945
44102
8720
30684
72171
6258
49813
44527
70005
17397
27825
50747
15930
56033
20718
82738
47776
12883
27427
11604
62575
15506
88468
49335
9394
10208
97932
4137
95615
1291
42718
41778
12305
52908
98332
69778
48071
4601
69628
14895
40193
37996
89604
8607
6855
59213
79685
30113
14922
29199
30879
81928
64006
82505
86780
89198
9428
23948
96600
20632
4234
82160
59237
26325
13531
29183
97850
75677
43228
46095
88495
57308
29601
26054
16068
72023
56180
58208
46160
9816
51
28603
82355
52339
60975
7506
25114
83404
93593
66494
60567
21817
45512
83212
85392
13192
2228
46880
17399
30417
53589
73412
50529
36010
25902
75476
87675
53878
68825
9822
25083
82848
46796
41926
68025
59808
61060
26270
29030
46433
20206
99528
97173
70201
84693
23446
69739
97759
33947
94414
6034
56697
43402
57515
97233
50406
13257
24243
45805
29912
60712
95172
13434
96470
73138
31500
27290
9172
20852
2704
31093
62932
45098
61475
29617
83977
69361
61647
3115
62296
30233
39995
61596
3524
87896
28618
67983
36329
55617
50994
83877
55613
82694
81894
81970
16717
35953
18994
25150
21269
51134
22316
33863
51484
67418
26584
50565
16405
15866
21101
62883
70984
5679
21956
65582
56857
40955
32140
25519
92306
5027
96606
63457
8117
69478
11349
81966
85920
20564
38240
49566
6091
47058
10674
97883
53381
427
89006
766
60216
20755
39299
82164
89934
19979
64089
43007
75252
27791
9661
6432
30834
34919
10779
55380
53095
13552
10833
76949
5226
55292
13071
33820
60921
43319
76863
54664
46391
67308
71884
72665
77000
97189
42643
44079
32208
54970
15973
47265
50508
62625
4884
96653
54646
98422
23616
5854
36658
64110
30781
99443
42118
51008
60147
3883
93483
94332
81940
44679
83528
21959
61427
39014
51607
36376
46153
984
27839
16692
18310
69992
93310
91359
94586
31941
57979
11656
42205
27581
2240
50979
6975
32699
62930
65682
16795
50775
70084
79405
32393
80345
56822
94795
65999
6490
71534
93993
78176
18714
18847
62433
93256
75934
43872
59255
44580
23371
52846
62033
72203
15865
32501
33545
47754
17441
90374
93935
93831
27931
88757
32920
98598
34016
86086
63555
193
94303
31326
1616
30091
45815
79261
52785
59750
62804
7585
3605
90668
7822
20306
41564
64415
89726
16219
74676
46216
83600
86054
81588
53401
73560
77412
99502
58274
50971
32690
49095
93923
37814
61965
3140
31019
7785
60139
28688
73849
46149
15659
71414
44602
23468
86731
5153
86378
58017
40182
39652
17428
7051
57985
65216
11808
58013
16970
14203
64943
87398
38328
36191
26495
17145
85272
16207
47526
26314
59587
13486
94062
69215
10769
62071
25038
10261
25079
53902
18944
10533
6087
20087
60632
91356
93118
36696
67347
56145
89520
7668
41384
73386
88786
19345
85700
10792
93292
18635
8331
63520
17778
39976
71677
37805
57697
95025
13493
35424
81158
43407
77859
34127
72431
82856
46455
74498
14853
32756
53133
44674
51452
36320
98094
915
2715
73577
51888
74242
52697
59841
54018
91186
36972
2460
66095
80147
78981
2465
35304
43938
24902
17065
60347
53820
21406
44023
29110
60622
65565
49533
14937
24552
31609
37530
76739
36839
45399
50233
7052
43582
34175
97264
11735
85002
26534
33793
85165
31753
15556
46988
65585
34030
26637
64371
16694
98920
50797
67762
83609
76773
14116
82116
14017
68321
54428
9795
18618
60878
67521
97783
68912
64116
66828
57797
94907
43802
72957
7438
50510
45289
12397
64285
60181
57660
58350
4218
46824
94129
90871
90290
67967
54630
88383
89100
54947
92481
88088
17913
58114
28605
68940
7620
49997
43974
17564
24207
27942
33799
34879
64511
87867
25429
29170
30807
11630
46011
19960
93203
21888
75661
46275
68783
10410
37253
32770
82139
38456
54852
17650
23160
41155
59436
87455
84864
41723
32729
95493
46567
95934
57828
63102
65837
42411
88728
75870
56447
30114
59976
90588
58919
30841
32351
62931
55311
21580
10811
90732
40492
39252
76935
43205
38465
68670
49615
12574
44162
23480
25011
81321
78674
19378
49581
45613
69000
19092
48476
73468
2212
49421
65650
4825
58264
52027
71773
19928
95759
31746
61329
12293
50577
8858
91278
3016
8584
65045
10205
24288
30488
96712
89114
81746
39480
53867
92849
77604
30391
47965
24570
39556
22903
57900
34812
54001
60739
49760
11349
46419
53754
53008
56421
86567
70522
3444
13840
21664
15278
71581
30076
56837
64943
43997
20618
8849
99519
14807
65755
56490
32260
74524
78371
98992
34787
54419
70418
12459
56747
95905
94467
63514
59590
66503
52030
99275
19714
36661
41352
83194
7490
64950
63893
87479
15556
13133
20995
84491
92328
27122
9997
1927
34769
75032
72569
19543
8273
29320
57088
88817
90894
16461
31588
51176
84154
34617
24167
15265
93351
57468
73679
29257
56517
654
45102
50263
93089
26216
1225
69710
50876
99959
25081
837
53039
96853
56049
72528
85593
70377
36594
2245
20295
63144
66365
40112
37854
38186
25648
86036
1992
52967
61188
82254
36189
81481
23922
74797
71832
13728
10411
19109
68989
26397
87568
77423
59206
23786
73749
18469
23468
93755
8349
83731
97866
9968
66754
28673
94541
38707
67832
82250
36107
76236
77108
93484
28043
50961
30332
50015
35405
73609
89391
60258
87775
8152
95302
88188
9465
66396
1528
17727
60794
99965
54893
2349
80633
74825
41126
24744
40437
65545
27362
51258
55633
99159
14893
16286
51500
11823
62057
12949
47563
55351
49348
98081
7052
5288
36656
41959
96126
77344
6027
66154
11312
54819
92384
16531
63028
66073
79383
12640
48061
28137
77900
99615
4516
90259
10587
4183
19040
69455
97561
62500
47991
69070
75430
44259
21772
10919
84767
44903
24663
91723
29534
55733
81283
95394
46087
50338
35191
54110
19070
45001
75154
53202
46865
603
50269
17531
90187
34029
16376
359
34029
98203
73109
19595
55357
71615
83447
50919
16774
70544
15765
92386
99845
60222
12169
60981
50858
94725
66271
67963
36487
59688
88606
46946
97177
26750
48521
76271
42003
54150
7635
45605
50361
84002
1870
65545
33038
93517
86573
8629
58058
54792
32387
282
65128
45803
48304
49045
76636
33813
12726
16867
62803
21672
13378
82271
33988
7346
32565
41912
14028
57493
65529
29294
95158
37015
26564
3414
87183
68267
80062
74565
51478
15950
31800
89785
53788
6724
29572
96186
78930
96161
51627
36844
25172
89935
6434
10982
36423
10967
27912
47851
36294
79767
26531
2012
99709
41306
48615
76653
34915
28500
3659
21120
51612
99745
42642
29026
59328
25940
9081
84090
74308
31030
38952
62293
12843
9361
55662
991
14323
52992
91841
88288
68241
22588
71054
9285
15981
86652
99383
9750
60387
35572
49374
2277
43993
49339
66970
45227
50213
60765
95840
70488
40884
9657
92895
22564
68273
27631
3799
98528
89973
28123
77948
46051
71077
1625
28623
85040
79609
32317
85969
67314
68391
58964
47908
78315
89349
355
7309
15033
4734
53511
22437
45117
43807
51523
2160
63545
3244
37119
97363
15343
4852
67906
25700
45432
5140
19745
8056
70060
97879
95817
62007
38157
62974
80665
80074
65510
92840
889
18703
79842
70871
67132
37710
10669
85749
75624
59267
94242
39971
41785
60572
40921
51361
23247
74983
30018
52268
65153
52632
55440
62720
66692
23475
44375
51051
24578
13226
10853
98295
56539
85768
86138
51156
45873
24427
88757
82396
76736
18847
58360
77221
49068
94273
79680
29569
71936
5655
65525
63153
34543
20275
51045
88694
45276
29488
75429
71017
10906
62686
91744
7456
417
24741
50823
12537
912
41959
50865
62929
26690
80949
30889
81421
86785
99867
13184
28948
51164
2092
67625
29712
81238
88723
78970
75979
6463
48101
47230
46360
35551
78166
40711
24209
88170
10529
51550
21238
21004
93956
74310
95523
639
99338
39680
2776
45021
28235
87348
35108
15041
42748
54783
82446
88335
85708
91992
98363
88481
27112
86218
64279
74506
55199
95110
23826
18004
28764
42054
2628
8124
21027
23193
37824
28327
14793
12035
16378
43028
53666
24646
61543
17119
14694
26087
12805
66852
44132
17029
16227
6658
89860
38449
79289
13252
71559
71833
47204
75697
52851
92485
26079
38118
18409
54365
12445
70360
13413
46280
88322
21114
72777
61317
6362
17911
53180
64081
20552
78870
82238
23598
14537
92196
56026
3669
41843
1152
48689
67016
20101
4623
46018
54737
14834
46340
78647
48375
7454
19475
9915
8355
66819
57543
28446
9571
34033
17406
6178
62595
86123
85679
8793
17272
65832
55933
87438
94403
51939
30842
38131
80748
97377
770
88369
52784
80865
38300
59271
65431
1856
26808
55932
53390
98309
10425
58732
44799
82115
12595
23936
79579
67992
20920
53256
58137
18209
77122
58865
20035
37735
42632
32944
66773
32228
32760
28934
98011
84740
25309
75467
26360
16090
53166
73322
72291
68573
84616
70802
17778
93004
79986
73528
14934
25039
88735
20960
4245
8317
17191
53822
95888
59165
53894
4137
7202
70431
86869
62720
29544
20487
85123
17756
18558
87508
45295
12459
63322
68848
23604
39861
91879
70664
83126
78406
13346
63903
86906
73286
80079
99339
58521
85371
77309
36547
13460
62088
12217
69574
37043
32761
79584
25453
47587
94673
26954
70873
37151
35541
28682
86940
26414
33072
5271
62369
5119
82949
92114
11357
55001
32837
70002
43984
68210
41920
18748
4203
81018
42978
44779
43300
39924
57168
63738
15172
5280
433
89964
63839
76167
24886
96094
23336
89493
58485
58135
65441
6147
42014
93986
11660
47520
13614
36719
72475
86843
58024
57845
89065
31501
20209
70335
30546
54863
81182
96352
43225
49158
7618
80444
57443
74524
16237
65382
32319
73612
38962
24862
58989
5987
35489
64988
48931
32039
76194
64732
5536
42266
10188
24505
14294
84488
40834
31527
89777
88944
54225
30843
86104
29201
84845
11657
11594
85421
57061
80056
88082
95756
11104
91267
60645
91533
7841
57261
94503
12353
7906
28799
92383
88349
37664
74987
27891
58594
86981
47894
18226
67001
31948
25029
53077
40058
39446
68219
55560
4345
89847
23891
75836
46018
49173
16794
8303
49315
32667
56885
79293
76623
28003
87388
73709
68762
88255
50979
56309
50867
62280
40584
96134
26639
3284
31465
21049
31687
85141
62065
13457
95339
60411
42513
7930
29499
14023
21720
66859
23017
2249
36718
91161
70518
17841
1136
69672
5737
89116
63688
83070
41182
3290
82059
55986
38254
42497
12769
94428
45005
34715
13400
54734
42271
51194
89977
64961
33196
27022
99369
59949
96001
42098
34227
97276
95362
76054
76307
92888
13847
42551
2916
52375
21632
15919
70801
76751
50049
86235
81961
89984
72528
17696
56658
69668
25106
39566
353
61888
17900
68979
53310
26683
98819
50511
54316
91478
31276
98730
33246
86414
38767
46816
71143
97717
50930
36859
31023
3118
58058
35580
67790
46717
44019
23024
71460
69846
21174
81122
84303
39143
35091
4071
59572
3389
41739
63116
97161
66642
85324
84585
99837
86739
21047
41924
42611
95498
33797
20003
37370
89739
1163
83097
5068
60717
37130
66737
38570
13655
31438
17988
50668
78748
68830
28766
53846
30351
72263
42429
11044
12039
64660
65142
29965
11772
84884
80437
47405
43637
25358
47875
64631
70460
81114
64888
50002
45029
13049
84637
20854
56773
31769
12116
53048
45425
2657
45751
43695
83540
57645
92399
70180
35702
74666
59905
46964
73831
51886
23274
80535
65189
60539
68056
62444
52566
7550
37639
20526
14515
77142
49971
69232
27654
49207
3590
61384
52714
11481
62856
45760
31362
92411
97964
77553
11790
42102
56533
12081
17628
79847
60510
36018
36954
8459
54610
55004
36017
68014
80674
61632
95719
64599
16107
53641
28017
63240
93926
58539
54078
78480
16984
47965
16389
30879
89597
92748
52947
63250
16019
17931
83261
26513
57174
65959
43091
51824
94506
65768
57683
22980
23005
35703
61729
51078
84208
18989
58336
32065
54368
61882
59027
36989
23031
96728
62103
44680
32860
84779
7670
77056
2865
6955
94202
38351
24053
64636
53733
91327
99049
67164
60588
25864
95382
37846
92039
88351
95905
66111
68325
43864
59195
69868
74220
37401
47814
9164
4628
5274
42953
9927
82668
63277
40256
14872
70282
64324
13493
77579
28599
75033
40302
55299
88146
68050
7343
36220
57417
64945
50982
57728
32432
93070
44019
33623
69588
39058
8999
10296
49473
91473
24267
14566
90230
65623
90237
39144
65682
94653
40195
35653
45608
52782
12514
49662
3395
48908
49268
37375
29761
91791
50041
49406
50318
81636
89085
53522
69442
27145
99024
95259
53271
21958
34931
63001
20583
39906
58888
32428
31922
24593
27024
14140
54491
55581
18545
17835
33242
70812
19425
76576
16970
12866
62184
45506
72357
45309
27572
776
68587
54588
34027
16508
30511
12801
76368
90293
39262
27179
26503
21032
5846
43196
75800
16823
55405
99997
81290
25198
37699
59159
76027
33142
22803
40836
17688
80150
50114
4894
78896
64009
73436
8944
27770
96024
85284
59982
7841
80100
9464
51883
2762
48377
22614
47089
63108
85064
2548
17551
80109
9637
4117
7392
14276
70773
31740
17704
25680
23170
11838
42527
7009
20842
68123
4300
90564
62524
68016
46909
86005
67499
39421
44994
6906
43449
53689
79236
61093
31890
32769
9117
12248
81251
66433
47017
68419
2886
18852
453
16813
11071
62951
2944
3698
34477
5616
98162
53198
13666
57209
76940
29461
66826
54758
92164
72918
14259
69822
92710
83261
1071
19184
24312
79269
47056
49398
42621
38795
82943
84659
71690
10941
2984
11534
19748
96891
75276
23832
33356
15862
3254
66177
30900
8301
24505
95855
6865
79694
66299
29046
39463
55283
51208
49787
65892
98472
60698
37824
11896
43891
19785
14994
75291
9797
61627
18817
66684
83951
67345
86746
4919
22073
53449
74787
49600
58664
96879
40214
28538
6221
46000
89660
84098
10793
64808
31065
19146
39324
97155
70818
70656
97385
17967
65868
77046
14665
59256
74667
33901
89983
60115
50511
51992
57604
91974
86195
41360
22285
53044
49822
45733
11752
9186
48219
42633
12191
82371
16611
6293
84882
52446
61019
2854
10204
43085
73333
50303
69060
8630
98073
29231
51132
24925
54564
74718
74406
14321
8586
14525
11045
2680
43510
44257
40980
14535
2522
46275
96442
61471
60738
65875
18223
68338
38841
55606
17572
12110
88343
86611
26401
18960
62640
4447
22882
76604
37744
76134
39533
70959
61910
34985
96522
48883
94321
80314
54220
42035
39600
30186
45875
60835
97090
57147
33862
82053
21707
59209
31059
8721
36620
31368
42688
76872
47074
6545
13361
20050
79405
29068
9072
79539
9623
8698
24543
65997
51873
78656
82577
36437
48706
47257
83990
49430
42256
89482
74188
974
8289
72160
15636
23635
3517
44464
94178
52362
10669
54002
41637
21817
65527
68031
27067
62102
15423
89205
54732
2448
89718
55721
8127
75720
59299
6874
96251
40542
24387
76754
90882
2353
97748
51173
91720
19943
43877
85924
20059
29752
93800
38054
21023
6694
79831
6113
49443
7289
24991
10152
25066
8571
77710
67781
69090
64540
4038
38688
75894
50857
36802
16740
31344
58018
33966
46205
62231
23436
16905
26552
90127
63647
43404
48961
67377
79287
19891
76876
92935
57543
72726
42807
41418
89449
79365
84089
90007
52691
6765
81386
94722
84547
16610
95514
50123
84081
74795
20470
64639
37943
46022
83582
97463
59894
63477
27279
32398
70601
38250
1251
9009
21319
13484
78586
92117
82738
74228
85015
36918
78563
95497
96459
98909
42348
48314
16836
45338
15642
86282
95461
48015
85659
3733
81313
76107
81539
90554
40128
61934
9624
8529
79430
82793
10291
79320
36563
87491
61506
5231
85201
97531
37594
40413
6972
29800
55645
92433
56555
20106
6499
61920
20966
75083
72479
21491
36762
43733
79781
94204
82460
79279
19908
16545
7762
57001
1558
61221
95998
24421
62058
51062
81699
86407
75735
16842
61336
69713
45550
39109
41994
68967
53855
66878
70095
49269
78330
24558
70301
69329
49933
2514
3333
93472
41149
76420
20649
80856
24852
15848
53852
75893
36774
23523
27115
75127
7900
93251
22072
12736
6990
86724
56354
89311
48022
7242
59290
66756
72500
91869
41310
65867
12374
52578
57177
32603
75773
71698
57436
84021
74743
97271
7308
5546
31936
89898
27758
47475
61424
44235
79585
60532
17783
45510
68101
17803
47132
24253
93354
93528
53975
40896
8812
7983
18513
65987
80065
2108
60512
21455
54310
75519
47849
13712
61289
7225
90565
20313
66783
79608
44525
88502
90933
43137
72726
66167
85365
91808
76841
13546
35462
67427
16767
37511
17127
74652
81739
49316
90981
68073
62994
71415
61193
67663
5043
9279
60980
69530
80250
60100
52332
45236
39756
51866
43595
64765
42670
93472
35333
35818
55036
69387
2188
25201
40250
30847
6508
16861
33383
19612
18092
65537
3319
10062
83634
24981
58655
70706
49346
65370
45979
27162
90682
45795
22464
55230
44243
74600
58608
44892
68643
72878
41546
53913
83517
54555
4487
13166
48793
50290
3672
54884
50015
31786
642
9751
49709
38140
84686
59090
49651
66508
87975
34334
84391
65625
4246
27579
32506
62609
20756
14201
88780
61009
12844
91367
87873
71200
30566
4718
8043
72983
27687
69589
12088
64661
44758
92828
1911
22874
60009
66633
72979
83119
64523
36747
55437
52145
1406
43965
19748
80331
32631
91
6469
54638
61758
87341
12130
20909
45929
63607
26191
8025
76322
15121
67639
5853
92680
22735
14045
43908
24582
98375
50752
28333
19807
4193
93368
21026
28416
88497
52830
86685
60138
59786
19069
91021
22173
73010
36638
6562
74708
20650
33686
71221
12238
5300
44258
49209
90223
20129
33125
63886
68649
78937
92252
7794
36739
18484
28443
86372
16366
42328
2884
18769
15649
87654
14972
1669
18746
74375
45239
40200
53054
39249
85135
63766
70821
66861
85059
74028
18588
3993
46267
17293
44951
84256
67137
34203
14791
95820
29780
15891
56428
96645
79080
87660
67087
18821
2992
48775
41603
6493
70289
20076
69468
243
19950
89926
66139
14940
24961
3366
65940
57750
72582
9385
5932
98324
12964
66875
72828
34151
28497
11075
68306
90656
67398
99217
72007
57786
66761
86638
46057
92727
62675
32702
30138
11780
47991
99712
21902
53563
91946
87332
23993
20377
80073
40111
65944
94928
67705
76287
76941
85539
65856
12371
93702
74578
94393
99877
36676
32030
44126
48091
77305
8972
86835
79906
49264
44177
60212
56552
27413
1135
33338
11395
9590
2515
27530
53044
88458
44386
27271
33627
93276
53520
66414
29361
14763
97627
15971
47462
159
70635
31543
55924
20140
52904
40781
30877
64398
89784
64304
29975
18531
40931
67065
29678
11288
27587
31420
9300
98269
45288
28028
25348
65870
15472
36159
95937
97546
21005
31154
6975
43400
7891
13466
59314
73660
38211
1112
99219
76768
47845
45342
13279
83624
96576
57934
23265
60937
97907
57788
86470
18701
81231
54315
92718
19479
69973
85660
50474
60470
55887
20851
71403
23301
11916
16751
95246
50971
13834
93042
45001
16617
34364
51425
66212
94527
32542
18899
83496
30262
85797
39145
2540
33819
2560
70971
96370
87412
9169
78211
41009
67778
26412
11625
7517
31807
38264
90042
74940
3894
8205
85409
1808
33531
16969
4326
82642
62502
79633
37327
20272
52449
49697
16369
64822
75629
33104
80845
5852
64365
16135
2974
55414
47987
57670
64467
26673
79987
8539
8171
95280
72675
98486
10706
28789
11770
74771
35132
83240
19189
85472
26274
95356
68721
75280
5593
43878
36293
1916
7323
14181
84249
87235
73122
76575
37352
88690
88563
80614
7117
14011
1549
75236
60692
4806
10091
87715
10604
83232
44891
33152
22570
89990
749
80669
99927
41566
90105
72443
5329
11
1843
77389
23025
79492
48989
62565
48319
10429
80064
82266
14762
44229
10562
17293
34157
9499
3413
45020
29643
24025
90257
84671
87921
25917
78985
41597
43117
12033
37240
69356
31824
62104
76418
79079
26534
82948
86210
51822
62983
28758
85854
51548
25854
40629
64968
93873
46831
1347
84227
98860
99170
19899
94131
44922
43770
44265
8711
45286
93129
50732
40275
88481
11636
73348
61151
19972
63331
18024
8865
93322
51546
52454
92322
86163
68781
75154
88286
58764
89722
44809
39817
31160
95469
94542
81311
68530
12856
64821
18418
93949
89169
63402
85322
92635
99604
1073
86760
32458
2517
57890
7628
1758
15773
6187
39130
57403
86463
53865
27196
83544
65800
74268
96213
84665
81163
57444
39132
75297
18084
51634
93631
83160
86392
63576
43225
52514
46753
51524
92094
20150
16568
75822
62907
37713
57448
68506
57983
30952
70438
45551
5930
19008
89700
13267
88211
64991
70541
13760
3111
92881
13483
13501
78179
85159
52489
63705
86453
70618
62504
51598
56653
22431
9170
17570
92991
12838
71833
34829
36398
12683
19942
35349
5668
81592
12430
18743
54395
67676
19895
99174
67595
24470
40163
29459
460
57154
89262
91263
30996
30177
1879
55584
58106
4007
68051
98717
27193
20025
66125
5433
6476
19461
25990
3350
68931
64801
71076
50271
57154
30232
42847
39761
21400
41456
7270
99271
24716
74617
79210
29863
3258
69077
77708
76903
54817
69457
42811
27048
3998
88587
2912
98439
58666
74942
80462
28216
28980
75635
63514
64299
27701
9193
50683
36853
8463
1114
97948
18913
27299
89588
57113
85370
31951
78785
97835
44839
93355
2783
47758
49906
94201
64430
68629
87803
80541
30376
10180
15795
64204
96010
48110
33387
36094
82167
17687
76899
13477
89276
289
81067
97944
13976
6608
77016
64991
28277
27328
86288
41021
31963
89733
26562
49058
15229
67019
66300
20564
10406
35995
52730
77519
69190
68433
90446
86257
74889
71471
66330
72546
88006
63298
602
66035
27860
81778
53510
11393
12960
75684
32485
43366
18500
20950
25574
73428
60606
37584
33520
76856
83869
56865
85077
762
11210
2962
97976
35995
13268
8305
91423
8820
68277
77844
65072
51874
12786
53728
34156
8165
28602
9037
50753
6706
71973
16822
47152
23917
27306
99049
8849
10971
59599
58939
21912
24084
47300
39786
42303
42019
440
33455
3162
93145
7647
82617
10194
42956
10073
82170
74960
12200
70254
87363
1233
5649
89589
78798
70521
32022
29369
17812
69459
86660
7223
49639
63952
50346
73316
76321
52818
29960
18820
26509
27103
29708
32935
95090
20342
95233
4110
12007
59748
17174
56179
26690
18626
15608
20731
62189
26285
52278
73310
1407
13300
33643
2968
16740
57161
74513
42158
44008
46217
89394
57150
31712
98238
66679
87895
67472
54038
59385
30659
94910
16279
95439
76776
86302
18930
70323
56511
29007
93787
35401
88292
16959
47083
36379
456
12457
71370
88047
75203
58026
95737
93857
62549
73297
20855
31854
25893
67666
94431
32090
10154
35904
57357
64919
68504
80949
31181
44382
44323
25790
23479
26433
81303
34637
99273
47834
26509
62521
3883
8306
98728
91998
25394
45868
17570
95819
53406
93304
27583
85226
24796
32296
6005
64948
46942
81002
12814
18052
54188
60739
27388
86441
84276
87884
17331
96119
58072
28251
1948
264
8097
32932
5335
77694
29225
46945
42243
29484
18366
45019
43583
62313
29014
2484
7892
33518
91269
53435
60066
59911
38271
23233
9309
60054
35929
47881
24543
8041
34414
8920
87392
25703
47111
19253
40378
29745
15521
92628
21131
80484
37099
17549
62148
49655
17065
34946
40076
36191
54956
88222
78463
10910
92005
74109
43621
63749
26381
73309
24454
60460
49948
80949
54062
89618
72343
88669
13388
95344
76070
92496
55378
46326
89719
13649
1852
87502
75513
23047
94689
57221
2122
54512
27972
29728
13949
76535
48341
60506
14134
67958
87111
70308
50026
9030
79581
2635
27138
56056
34499
28954
80393
15189
39763
56166
99955
68928
29255
11582
42999
37498
90043
42128
62493
76502
59250
66542
49393
22126
45520
61990
15611
95664
11261
49850
41697
70210
68774
69310
75386
84152
75873
92018
94980
58423
64746
36142
45015
37489
1587
84060
10724
27627
53925
94276
22526
50323
37573
25237
72092
63459
25793
56393
77518
28459
29533
139
56688
17664
99468
47212
55133
62956
58130
77665
27533
44017
43523
99704
90447
2576
34420
49494
47940
47645
31904
96455
41510
85940
91756
50611
91003
71594
37928
61257
74212
19710
38610
29477
39398
69458
93295
30999
57195
14124
61767
60414
96203
37904
64076
62945
50004
12217
94343
15792
52439
7917
20626
57464
92690
74046
88087
40582
82028
18595
3382
1310
30059
2266
54408
96868
59882
22324
11491
61508
28771
20358
63588
70885
23826
95158
66220
84938
70506
39868
16639
60171
26039
51234
26115
83696
29374
77955
29245
83399
44747
85049
55845
11301
66798
11604
92246
80479
51844
90427
75696
59829
2058
79807
98130
95504
57161
30007
43660
33062
41706
70061
47962
60110
75073
54078
47080
75714
76049
50496
78229
19841
84160
92582
5797
63824
75908
33970
72030
71094
75621
69134
13759
86394
47860
85455
44087
1211
11134
10858
71037
73338
31148
9044
14010
49311
35879
52894
83208
49835
44491
75909
7284
30434
17425
61386
30054
22159
15969
79526
48421
90570
6172
23787
30534
25056
54205
29521
35736
85163
38068
80314
55982
85760
44036
20430
12203
98653
25287
95361
68470
84718
74883
36739
71827
47648
5594
92729
86321
18097
35023
80496
66015
35299
46069
3469
3683
92169
29958
32851
99366
49450
21927
192
16161
4627
8093
85838
29358
22153
16107
16660
29420
92936
1926
5733
9373
93114
10352
76484
52743
54778
17942
14306
39520
44659
63483
79774
4477
70674
33434
99313
14698
792
97556
21547
81336
83874
83429
90539
84364
7917
37616
40740
68496
17567
45950
62728
63458
39821
75758
23641
92456
34515
58786
51732
58928
94477
55171
10577
43595
69179
26008
95191
1315
75252
94910
79687
20404
87406
97399
34099
95861
74104
1051
6596
72320
53769
29031
36554
32569
99333
34979
23831
43135
11637
58172
30043
19691
15481
34469
28806
41927
6041
50734
53581
30088
87943
8303
14195
93457
4427
4469
66027
74911
49876
50092
19528
44998
95367
16104
71921
44064
33986
42032
27843
31550
70310
45632
51149
77901
36759
44274
56206
26375
18448
35955
3783
59598
7730
90640
13947
28828
89777
71079
46417
42676
81363
36353
27422
66427
6434
81071
21318
53106
94104
28520
55147
13111
27377
26980
4738
30461
54216
95038
42115
50649
96501
23915
25699
97566
56945
72656
87133
25143
29260
85507
31592
73096
62611
19869
22008
75585
17871
97923
61907
66581
80201
85371
26409
36422
60185
56672
16429
20266
24034
27754
27229
41076
42297
24376
29223
87278
36086
7157
56277
78372
29975
92731
84750
60562
91547
94586
65139
78842
48991
56846
37416
92028
30188
69578
21014
32832
59422
35174
20910
66371
81122
1941
32371
67392
54010
93227
58641
19006
73530
38256
78255
33880
35652
54292
11608
12591
50931
38848
40055
83255
54099
5337
25035
11564
31583
35933
59582
30984
6942
31320
60089
19175
82580
8639
72265
38549
34974
36102
22020
66442
235
95610
89313
63478
66983
33160
21046
67505
14314
90884
27655
54871
94077
14317
27308
80808
58714
93768
11493
96368
78605
29679
6230
40592
76153
8393
94303
23515
27764
36988
45607
48118
49454
13662
75092
67470
86951
3593
10753
37104
76998
49302
7763
2025
32964
69246
89033
52810
34930
88697
27402
95870
72104
2917
10106
9227
93686
94239
42312
97070
73278
11844
53222
13830
81433
75877
65641
1712
91166
86005
77871
74345
11990
98568
85404
83647
59538
86232
39149
26975
19806
9345
96758
87322
59796
9159
74139
50555
69586
79700
45328
10614
94819
87209
70649
56072
33127
83980
55441
29652
23193
6825
54636
66012
50959
59502
42068
42554
33899
53150
57638
22987
21350
19095
30328
34056
66539
14356
50544
92093
84274
11766
31364
87962
7179
3819
55038
46454
92899
52195
48423
99391
14889
83363
69030
50399
90193
64764
11981
63759
59051
95751
67413
79739
33211
12823
67713
44452
72521
39642
64476
43578
32647
8886
66176
46146
50720
45218
49293
97130
234
26482
27989
45728
51731
33673
30418
59980
21560
59342
83374
57767
77482
68775
51218
79254
96884
98635
9869
36491
41090
33705
62174
2140
17530
23958
17039
41219
50452
91374
61470
47225
70442
28779
52027
17211
63149
11415
40196
89088
88459
26038
24756
68876
92748
72068
93519
95616
88919
4607
76624
27302
71592
70145
84105
82484
68137
32314
41512
39052
124
97287
69168
74261
44364
26236
72938
28190
37858
65719
27438
86589
66781
35962
36180
8481
16057
91693
47399
68889
33128
10524
89202
47717
77196
69838
63106
72057
83525
44710
1208
11136
71295
96610
48928
30581
63083
25455
82646
35866
64192
26049
9535
73559
70865
24014
25510
13369
37845
66042
26455
4052
37791
4615
77738
81820
87731
48300
47534
11232
1053
45314
563
55384
47425
30255
30626
4775
67628
91729
82629
42343
95432
12065
77843
85959
84454
89375
9699
29029
24364
76951
21689
94915
57863
65295
13801
31497
77517
88052
49406
98478
89840
54694
50611
41929
82954
10
76864
8107
23684
93279
78926
21679
40144
68487
8327
42312
16655
20998
41051
17941
39261
65815
43405
73051
82183
67901
67912
5989
18195
35979
17546
20539
69218
17808
57744
83930
87382
47152
87372
85941
71294
70492
2168
71933
77505
24959
97205
36378
82892
48091
58492
92887
90160
74696
88103
81720
45678
16432
92063
36440
56560
25698
35728
7610
52194
16987
37491
33365
34353
56060
28393
54165
99571
30162
52590
92221
97637
80910
21594
54827
10867
15610
63843
75246
247
12442
30372
74796
66573
284
27236
15449
17397
24918
45822
13509
13902
9931
53281
1839
95738
82828
87086
60618
46403
64725
70053
84765
66940
15419
25152
19922
71513
84743
23085
78298
4848
45797
39787
40690
8595
75993
35927
61621
31305
7805
95936
20856
85064
92692
80214
6380
714
8879
50917
71516
23159
96499
29063
81942
18425
22079
28725
57185
34954
58402
92631
15522
73013
15514
22802
51277
68183
73969
59660
9121
87538
52343
13565
71250
70447
87663
93835
40245
19851
19575
12050
82876
64399
46922
58794
98338
67044
68860
65990
88082
51463
31710
70597
33897
54099
77472
89645
35824
86693
30238
1508
22215
11828
62701
3729
20442
92317
56568
83897
68712
74187
7837
96751
56945
2577
30791
88100
7793
50022
82969
44101
47694
57414
67488
73066
72206
49348
68785
46213
79914
87605
43176
33615
34834
69226
16594
72125
18509
58898
38448
93133
49892
69316
2752
19771
83622
67751
75498
15542
45460
92189
60717
29330
27392
6245
96744
35365
44334
8476
98916
10964
49370
38733
55251
29713
15114
91928
37644
73265
15037
57828
12651
81027
80520
54468
23188
63749
66887
12292
65270
4404
34850
96314
2382
57717
42516
24411
44164
38329
47568
51247
65792
56816
39184
39428
59761
22643
54952
32107
92749
83626
89290
74618
86820
12584
66761
6591
56410
83605
36225
60583
10409
2714
39882
58436
72070
70710
25049
92341
78595
59571
95902
14063
96918
78036
47440
32786
32568
86873
84555
39749
14442
99790
5386
36108
9881
72095
20010
39431
61690
35931
83053
83737
41526
88260
41940
8195
82582
75813
41292
50399
88539
49755
78333
21538
15487
82141
74244
42858
88844
46019
11993
65481
48254
61589
92479
78923
10032
1912
77693
37619
98920
33387
22142
99293
28783
38615
41916
74165
5272
32225
34540
29837
82635
33863
42162
83086
31495
6787
45642
36855
64800
5363
87746
88408
25081
256
49928
42930
57728
66214
49064
15749
82229
24100
78050
95933
26129
26152
87268
74185
4916
61492
92762
8753
15154
37463
1301
14503
57855
61666
62556
12352
24433
9376
94259
68938
58543
11559
77475
89699
53674
39778
86014
2460
58593
96052
96541
83181
40540
38067
24064
30693
99570
83146
41270
93049
36483
37982
69566
84543
51510
95399
74702
9500
91257
24232
60490
26620
67349
53954
30422
45954
41812
21746
78861
49520
11450
6477
81014
66115
26257
21394
74038
11056
45438
75351
60398
22387
68613
40974
18981
86507
79545
87434
79516
48231
5048
45332
1460
42973
22662
71726
99807
72034
47307
74401
77161
65908
89310
36258
53928
45073
4022
53029
36640
92904
46732
60549
28180
1147
5629
81389
63081
34821
10302
64936
46087
90465
3577
29822
82808
89320
20460
43133
17577
55349
39536
86929
35501
76893
59374
69319
43228
40358
5320
34749
16083
54461
90537
16102
88022
54385
39200
49842
65209
86621
29492
44686
64074
27316
29349
54112
10337
79618
78900
53554
86767
28836
20079
64191
84307
8120
86142
97018
93770
41948
41613
13228
73398
89875
6672
9939
41380
8784
9063
43886
71819
88331
81308
99970
17636
91301
61345
96397
44569
48292
60681
93629
36672
14420
35704
40497
25636
94690
35030
47546
3750
84200
98582
25061
3484
49554
52557
61199
65435
98620
78514
44276
70776
47248
34540
52480
84359
93546
71756
44176
40290
53064
20408
82407
3027
91465
16356
18368
53985
15242
980
40318
86124
45561
55365
66780
37156
5495
23074
25876
55769
96714
34896
16243
74657
28123
73688
89204
59180
85993
7725
26769
11109
2789
76956
15487
33181
90235
38148
32312
2087
51035
62076
65369
55038
73270
28793
89874
68201
41618
85429
7463
94041
70386
15086
35763
29051
74745
15073
4321
3310
48607
98080
72841
19001
10285
10829
38168
16272
10351
11344
37589
11714
70031
58156
87746
37255
33069
42628
20813
5421
69096
39019
92598
40661
62421
55986
40825
45863
56520
47953
66099
18167
1583
85078
92919
88862
70165
86530
43587
38403
64246
93355
23983
29476
35977
94426
76908
8576
83908
21806
6061
49693
66689
291
11706
52470
97017
70007
7699
61610
40053
634
8783
44294
42554
81142
86910
48058
61667
99919
95869
62818
45624
26717
54572
27623
42483
70071
61116
55269
77654
11669
82100
96012
46075
12608
24646
25411
10747
45563
52212
20724
85735
31586
49497
85290
8796
50595
76625
90979
76491
50577
78270
35080
22916
2090
29494
49847
72113
31873
6827
60495
83796
22207
70446
60547
42182
81112
31355
62208
8515
72553
56010
83856
69318
45552
30133
56733
64437
16403
63293
68584
71628
39173
66317
13242
57738
46238
74722
82078
80456
52818
23091
15733
39152
97298
97674
32688
28519
32588
7492
65038
44511
92856
17831
61169
28502
34669
84248
60110
12664
91913
10086
2958
47190
89821
25961
23028
48347
35022
55829
48292
5217
35715
90947
57203
22578
8940
40431
52100
57513
323
65081
53214
28172
75811
29775
70646
34517
44570
28959
81734
32928
37587
49634
26858
49246
97451
36714
38004
98096
31386
16758
31305
295
41807
17813
27299
54674
76496
95461
10772
25833
33976
38160
5853
55136
18714
78572
21390
88700
65508
81834
16681
43154
42746
16547
48267
97653
164
39797
84757
8897
48348
43594
18577
94864
44382
16883
61006
22490
10928
74621
80067
64729
34435
93420
29555
63201
72300
71855
21920
44083
48464
2793
17707
86944
32304
4935
39941
38885
76603
11285
73072
99672
36984
53332
73013
77457
7391
11522
97333
29233
84038
24902
62775
55360
13686
65854
51081
13278
91235
89424
13476
51973
46260
60995
69177
45789
98509
50926
53966
23870
68309
60249
51102
49814
99419
7646
28764
5050
89058
64659
15735
68978
22703
73447
70161
69128
79670
19399
35023
95354
9602
59518
28318
33533
79674
26737
85992
76272
57679
40184
61303
10816
27092
51903
85550
67641
26816
51660
12026
37139
70492
33184
97539
26369
28117
97575
24021
33009
46152
32582
26487
59444
41390
60088
73029
76363
28553
88350
37514
72276
31942
40433
16340
93051
87388
55748
66842
83856
62364
77716
86841
94826
9305
47340
12372
1331
20027
19794
83725
19887
67582
9163
18763
71552
5982
45061
36812
56086
47926
94088
96488
52193
55974
58974
46445
51847
63624
18714
39301
70001
89263
14145
25901
44898
18222
15119
29582
58773
5972
27826
98274
63882
98955
13781
46003
94624
78645
95612
24794
82927
9115
19028
12975
71128
8736
25203
66515
34256
72583
63311
56328
81916
43716
39035
6343
8914
68694
51654
54671
3299
75520
19623
83350
686
80681
32597
897
94508
66016
96435
16327
73296
65855
56961
13272
58110
70214
98134
18526
55943
80765
10763
60571
28196
52917
19001
30555
97280
19513
33618
90714
78913
19510
73389
23363
32894
48444
58941
77350
70911
6590
37011
48285
46369
45399
37289
23840
78294
3156
98916
36088
29014
76753
29164
89107
63648
98037
72957
71975
68338
70424
78616
24789
93724
74284
42598
98505
20334
68064
3954
38152
13352
96212
37876
23368
45671
64636
66917
20228
20172
59812
68352
33988
14854
68573
6615
3615
7747
2214
60880
45892
12443
40739
49578
39400
69658
90931
76014
36802
95402
95366
32233
7663
82127
38561
1892
43404
85659
71204
97150
1004
7778
13669
49422
22751
1953
6061
49371
45550
88094
43542
97585
5246
61048
72949
84155
48905
17160
29525
62710
91160
3392
61035
22476
89481
14257
20642
90520
67645
23302
9602
15586
86672
37896
16194
94798
48180
8741
28221
4984
16322
8872
93055
91493
61427
20783
61340
49116
60941
34905
78358
2090
41422
67829
80488
53129
9121
54451
13269
25082
96072
54664
12305
63011
43607
42267
78567
99369
55917
11421
35595
10452
82471
44305
77723
8398
30083
32541
5603
19739
62849
34501
98184
98904
21411
80800
88730
13024
81691
11061
96559
13038
77695
36486
15876
75293
32975
74797
78423
57753
80984
96799
87620
65358
5842
57113
68433
60241
1910
55557
89451
84206
33101
90201
91454
83271
70990
18287
223
37032
4566
37039
10418
99250
43852
32767
2077
50278
84659
23759
91591
46824
62342
40115
24996
30017
98759
41969
92980
18874
38463
76492
84227
72999
77725
13605
96557
55700
13106
80500
93745
66700
75065
35896
30029
42254
66512
86349
63988
39682
96188
49008
48828
33228
82437
7879
17047
48620
4205
93958
74055
54834
92950
43513
77523
13294
91731
53371
7054
57103
55841
57206
22255
35899
33128
92655
66338
15531
41574
15496
97116
65989
56659
44181
17560
5903
31754
85702
34082
97381
996
2033
92236
1112
56037
25375
26790
8354
45537
19918
15922
63821
19467
18064
47758
81470
28991
29812
91550
33773
97169
35476
15508
64342
95668
23909
8622
33596
98363
31122
44766
57678
33955
67472
73971
41921
26644
95507
37951
41926
96395
35140
84786
7643
88493
27954
1163
78866
15857
88290
89606
4157
26959
5147
92868
49441
57229
36020
7992
47390
82475
51447
38473
14198
69089
47333
4572
26465
7752
41089
69016
7636
24814
7103
38163
20820
88719
87315
67155
2795
67582
33399
31681
2607
48441
98533
28666
7432
98706
98750
33533
48213
35989
6575
72658
78086
73766
22916
66197
7712
27198
97136
58696
63378
95992
29761
82697
6091
89283
97468
94048
12871
21341
85791
76669
75074
86245
1411
39254
12810
14732
62946
16730
39367
27046
36836
45215
35082
21889
93214
845
6158
83480
5582
80011
10716
46234
7658
51397
31699
29714
50956
28657
64250
45307
77417
96667
63797
80435
32890
73979
70304
86144
99276
9427
84042
29577
15819
91843
18672
24073
93376
98339
98602
16555
99358
18912
99273
94384
5638
72878
51411
71983
46872
76155
43283
31331
32484
27473
58575
19812
91997
56293
81781
53900
10435
15568
87837
37855
28204
8407
8230
82819
38158
9317
31914
3641
11478
77886
56128
78249
23549
65597
49538
77553
31192
84941
28153
12611
73415
44062
73038
211
29252
49873
38132
18010
68352
47933
6281
6046
72596
98304
52162
72694
90386
83220
61802
80017
9119
4573
40211
16022
95952
57091
10956
9430
62108
56501
74524
6372
51800
61086
45917
7806
43258
49728
36171
61458
76397
9876
77350
12759
89356
44825
16051
45501
54408
31278
16583
84826
52703
45379
21695
92713
16829
28217
16122
59215
358
80270
26186
81542
4361
58353
67310
27409
2277
98314
20531
99133
56590
2066
78987
50598
13432
8516
55803
60458
94553
14502
85955
31873
79978
24092
86393
71568
89286
82390
61096
99151
24559
93498
50697
51424
33901
31323
29954
75767
90816
26650
50555
51750
61802
54224
11624
40710
52194
49546
15789
39374
78591
56671
34762
5427
15105
45488
65152
30502
265
39819
2560
59179
71540
66112
26
91375
15267
66590
5494
59872
81206
20427
92190
44777
12970
81857
5699
72340
88263
75066
51991
46825
46183
82317
41768
81022
2731
23952
88247
23519
20248
56749
27838
28985
1672
10579
96205
81483
26302
42373
45754
60251
30187
11125
34887
32362
61298
68006
54176
67379
7343
11576
80147
95328
2347
79719
63424
71257
67082
37086
64774
67143
27964
69696
49915
85052
89202
16771
41964
74240
3808
54004
9005
39274
486
92124
33489
46259
75469
69973
70066
69915
51057
2283
48894
75517
35906
88885
22636
96598
96036
4327
87049
51838
60099
64687
27456
42710
37585
11824
56383
87216
24498
64419
11232
74453
7404
59818
75131
69751
53846
51069
68944
60784
94774
29471
37914
11321
62951
14546
22540
81178
50210
90556
59998
78439
85998
71498
9828
33189
19814
45008
35533
20742
10956
79641
2410
16743
90395
79728
71130
36579
61684
37344
76470
97120
50444
61858
81079
40138
95298
64142
85264
73597
97040
34712
55554
19573
7376
82891
7115
5668
43753
97583
38120
577
62590
49270
67767
73840
9647
77617
73882
54865
93336
99333
60911
76910
94430
26964
14591
18010
33941
10809
15705
92724
69863
3407
92050
6089
83025
98856
85141
54326
42471
17667
96132
45590
11595
91976
54059
18485
67667
55599
18757
56041
59458
58789
90653
28538
20339
8473
50134
49802
87512
81367
90293
98498
52001
69540
38615
38483
78518
95843
85491
70391
89571
80099
50482
60435
3907
45980
20835
21766
55861
33259
90992
68772
99218
20421
16731
25341
16852
68593
73011
44373
15739
69313
70765
87729
85840
15906
44568
23321
40920
21008
70525
19195
39524
71301
11653
53222
5157
44548
16708
11413
26118
13758
17587
17882
17503
28638
80339
25157
70562
95424
65295
94757
97898
72804
42929
14895
6915
63814
93813
34666
98491
11444
93403
42221
93000
99141
45341
78201
31634
16476
80627
55104
87389
74955
84196
48282
47125
49280
45356
34878
93801
75319
53970
83334
26277
57646
80438
37948
2990
26698
84231
508
85396
38424
93101
84158
87199
27796
83103
3428
6237
11579
68142
68766
27271
85513
77028
73894
36027
76361
55861
99998
77473
90247
84073
12009
24628
45287
33561
89113
98142
88730
32079
14183
91411
76639
14434
44944
11189
37619
57997
3450
39435
51181
2677
49871
58589
46016
49735
51575
59495
63807
18657
19168
68887
40157
16846
57388
91626
25798
42945
70686
61838
8435
1379
70803
36630
98432
53070
56826
46229
9996
65230
76975
35223
3602
51801
35740
90978
55082
15310
80048
57359
82190
10786
83740
74588
90341
52873
50950
69325
95868
78392
75840
43027
47302
58319
28680
71172
93041
25557
86405
31107
37216
47802
89548
22079
84644
28491
86846
27464
476
62982
23823
96203
474
12052
42326
88191
43799
80231
84228
36615
21787
2626
34421
29209
23398
50642
95754
99889
10838
64334
61688
52471
57329
7150
41232
8922
83083
17407
95110
86049
75221
107
62124
56573
92745
62539
90343
43209
38598
47626
38979
27683
27439
60061
83750
30529
89984
12042
41016
32070
32560
37759
24140
60160
14012
38792
59277
66066
11156
26162
17204
46288
18716
19067
62817
45180
69956
45131
84566
90889
70239
62549
42367
75462
7285
90574
64426
88852
39124
91561
30935
56153
63558
95123
5733
7538
41430
92971
15799
31181
80050
61588
32853
20876
82846
89162
81332
32112
36660
93030
82677
3045
39020
14409
47131
80097
64357
68270
41125
11845
30300
7980
90887
39426
53024
36670
30998
16823
74104
60302
70457
40248
386
31007
28134
52226
23095
73504
84592
13038
72751
22279
7819
99883
22397
22686
36766
2394
73243
65256
48401
32066
44028
29217
91572
52741
38238
8618
44076
69421
81768
82414
38126
83516
7713
68501
3779
34055
14660
70913
99936
96416
40204
89277
38142
2842
72351
10071
55697
82283
68074
40406
61486
91035
60467
76718
60451
20214
13803
23180
60768
21258
29238
87598
81575
86459
12995
86181
8470
57962
93567
82812
89049
15699
14809
73302
21361
12419
37747
613
64456
82273
55515
53137
92093
48326
63033
54855
18163
93937
25882
3579
45585
43112
61271
51445
29141
15734
78095
50458
97149
85015
22778
5119
46884
66545
42912
84030
14297
11005
11700
42861
19856
55908
52753
2170
9213
15644
67017
5317
39954
53684
91439
54073
13801
85945
12430
82500
17408
10137
16270
83310
14310
42326
83312
45143
25586
69018
23154
94053
47439
90715
3938
58011
80167
41224
50484
89306
84920
15907
73191
86507
42106
31615
42475
54968
58503
71235
41948
32896
58877
36560
17653
88553
2305
44641
90350
63480
83426
54804
13206
96400
14483
6222
38164
13049
35293
79210
901
8196
65170
67331
46427
77936
93355
61987
95267
82646
2638
6306
93590
34006
34648
70950
99744
3112
34644
40915
34357
40905
58718
79408
61511
87056
86894
52588
74422
18896
61947
57259
30686
58104
65601
92509
19308
9618
51324
55860
44608
54575
76073
24663
80518
57087
12092
4262
82901
73287
74294
85899
47189
70268
68748
59368
64020
72481
53448
68093
56456
53552
3828
77628
78991
82683
92334
52493
20741
16463
23946
803
83042
99336
17633
51325
95152
98921
87528
73420
90822
56024
56981
36720
93206
73389
33701
34462
45931
2130
84789
62073
84077
10244
76794
50897
60436
33743
87776
5881
29571
17673
55890
85600
45105
51639
2165
93151
44035
92460
53898
17272
76041
45187
99491
74462
85392
42951
25587
54910
68427
25975
22974
67749
10526
70563
99041
14422
53087
60017
1417
92890
53195
21136
39986
49960
76562
72345
92579
54178
7694
42474
93445
57549
70408
22824
32970
50750
26460
9394
42163
93585
60415
77018
96029
20057
64835
2617
46275
75796
11452
20936
85634
44448
31174
52820
53652
59223
28645
93482
16903
75953
25506
86194
95385
4818
60584
35439
61226
59333
74970
32814
5863
83219
75263
78817
57498
58483
99192
84169
31893
81302
4467
25394
16491
16268
63844
11168
20319
4066
77294
88266
70333
2860
5563
78953
98587
89444
88525
95260
44028
32661
36443
19850
87723
78612
72539
78005
50991
54895
61304
50786
12155
9375
78482
95520
39538
47936
65936
46493
95857
25210
67392
66123
42283
72455
59527
4835
59246
17543
76975
6509
5408
63472
79469
65587
56303
43833
24751
1804
99741
66372
91759
68982
16359
89052
45253
55447
40614
46987
45184
65373
80000
63129
82002
92706
68439
30801
62504
12320
43559
51942
79947
16672
66962
51373
76828
20443
51620
64436
49081
40550
21147
13040
46392
34359
2020
43437
94926
45081
41647
97993
5938
60042
52776
32754
36612
34913
7805
72795
37899
74924
45401
18134
58220
92768
6150
74421
71597
82070
84064
84659
64127
55212
66332
80902
43647
94760
35043
58153
34031
58871
21455
96642
77779
62791
35924
23183
98365
30910
44758
7502
67283
76846
29002
35235
79819
22618
39598
85704
68265
12243
58334
69635
71642
9909
84688
49668
36938
98403
94902
74799
48464
9579
61545
8821
69135
25355
79331
22387
30306
85151
16095
48487
25256
23614
96623
71943
45509
41117
31396
34927
48847
78759
22358
92599
63267
29429
13432
45593
12015
67035
4812
9410
91479
17049
16917
54695
45887
23313
72446
66915
60610
88392
63086
29150
39311
77727
81227
27494
39281
81500
26402
14990
13999
22327
41217
47093
52276
81755
92151
19301
9329
94070
86906
95911
96677
21975
11863
17793
34991
85482
80717
16605
76831
62717
8527
43052
74693
19301
64162
37616
3841
51615
8542
33570
49126
48466
96078
84176
30308
85576
2358
48625
71389
67737
42413
54576
15991
24673
60766
79090
53083
48307
7009
54287
45131
31553
58786
9252
44268
31715
17832
5493
41099
35187
84109
9708
15500
44401
8112
74627
49110
42812
32041
66433
15131
19223
56832
85485
82678
48852
13904
76086
60098
35261
78031
10495
54525
14691
30856
62636
43385
12250
73374
57716
37653
18097
90066
95384
66374
20952
87425
96158
27274
96131
65212
13462
29281
95818
30106
86980
99303
30376
28251
86889
37882
61239
55767
13166
86116
48308
4408
69252
9734
7740
13332
25240
15284
39642
27344
22106
88089
79433
6980
45613
81974
11471
96460
16154
96713
59060
31802
99121
50731
31043
63273
39299
93804
61947
73894
62355
7334
29982
98836
66640
8217
75213
89338
49347
6438
68809
19148
72486
66194
3545
1528
76183
85705
85558
70502
89480
41820
7878
81283
72146
42114
77348
1734
44888
89371
48303
99213
29940
91173
88715
75315
29163
40805
67536
64782
12595
54720
5544
94250
76827
76558
76270
91527
59608
48021
78423
46730
64778
2869
26738
52886
59926
61880
24256
95494
58083
93838
85829
18074
84326
60434
79951
63846
58342
81406
44062
82490
94781
40376
7023
95298
34700
1478
21767
32074
73385
22276
70927
88768
42584
29373
58788
6095
38423
69718
43969
36311
60246
62826
99043
47800
40155
56955
5596
15310
98185
35726
6268
57401
53897
30788
38917
12110
61530
70799
72265
86827
12978
37357
47277
79017
70464
4446
4000
40722
49146
9571
39698
51641
68762
41933
860
73117
33010
35859
59036
78518
75523
26131
58408
94241
32083
55956
51668
39981
60178
28024
59960
26931
29019
54426
2545
58209
45844
92173
42319
77078
67609
47621
84430
25439
71112
95344
46980
7572
19128
84783
95160
2261
65337
1512
93152
30200
86591
8992
81753
62976
17520
21428
33907
54946
89522
48660
75190
89957
43844
9968
81801
61149
96788
35280
84700
43960
83962
59451
15285
79966
99
68124
25377
62360
81094
72149
2231
2606
45735
71602
77955
62240
26032
20171
1913
53771
67084
15983
4575
50305
70111
25941
31764
94776
85576
97174
69358
66560
37243
21461
10234
45780
72581
96272
37635
13721
90077
69573
12084
41604
89852
64582
52635
49291
30370
55411
97438
60571
51096
4812
13489
42281
38647
81260
929
90824
72243
44136
3342
21497
83233
23012
92258
23592
3000
19851
41442
67380
53718
31428
44500
87828
57260
23299
57999
24325
98953
86417
71482
65699
84950
72787
15664
35444
74647
37514
20564
53367
52892
11192
26443
26729
30639
88783
32153
56515
27262
48957
37885
92560
92929
11340
2265
35080
75210
98183
87367
59515
20546
91685
9484
36629
28241
68517
48297
30440
42324
49075
92632
82853
74915
20548
17078
35720
3677
80113
90474
98613
75457
97394
14651
43715
78436
13770
79802
98002
15849
80214
1445
7313
25839
85047
73218
66874
43982
38315
29568
48547
97747
60466
62932
6289
55451
69581
81060
8234
26157
73608
21933
26331
21570
51917
66043
12585
46107
53890
98823
4758
77173
51414
79594
33750
34034
56789
67680
49918
10803
57934
41160
46231
66671
28719
19245
32411
24843
43825
65363
6144
30567
64759
4789
74922
58181
66464
38003
5249
37291
42434
68965
14702
88986
60327
96096
76736
24420
39758
32991
78138
60165
89309
35778
54693
47368
70740
14479
31863
95094
54963
96898
14224
92147
96552
95248
99868
96180
81399
98129
44168
64143
95571
73442
61060
43855
22518
21428
29363
32963
483
61288
66730
38563
62293
69668
44420
38458
35673
14812
42372
53327
3809
46275
85959
87980
13084
6850
63311
89470
67751
30697
95245
99958
69762
79684
18603
53071
46051
48532
48204
73882
55282
38618
2637
94732
81397
60141
14740
91748
2263
72838
98921
80237
68302
16581
14335
81067
38173
14872
45477
84671
96447
56679
19869
94506
21626
74984
96323
27600
81985
44078
86615
86232
11378
11833
18473
91859
57526
68084
8368
90052
1220
25712
88929
93552
16492
57141
27651
29415
78976
85716
81099
95835
32555
78761
51968
14361
92805
27144
55109
84046
99859
24741
53035
5491
33013
80484
91449
44783
64720
5489
50958
50036
62581
18291
32426
16492
44527
2295
10312
20115
54597
31306
20848
4147
54521
51367
61
8234
19821
70115
50423
75606
88178
58466
94284
60133
32559
13717
67300
82211
21891
67965
15655
50041
88072
51285
87225
71217
39646
35163
48632
28425
49704
88483
17754
82631
98406
75675
74308
97305
68946
14647
99976
48023
79908
90741
3872
93220
86633
92167
9208
33915
99560
92263
12647
82918
48476
54393
79102
97296
68160
76414
1637
1852
93142
23399
38633
45862
27127
19635
38558
90554
96063
83930
76403
20550
2957
95861
55289
8976
77208
74852
71731
42948
51597
38792
3709
33860
5992
84455
56971
95155
88446
98041
96860
69234
61543
60913
516
24671
24692
62995
87404
25096
31529
74238
24939
91903
55667
53205
60315
44374
57732
91067
99727
2845
71958
99138
41764
83235
61598
48594
73057
94536
88936
62123
51150
74823
7945
38980
32070
65850
15440
67313
48234
31509
90036
40577
6095
71217
7303
48499
52316
65716
44233
57282
52281
19833
76426
28589
35425
34416
27419
52359
88076
47958
51098
84601
16466
37368
15398
88054
60027
56862
8280
70982
8276
24170
5478
7326
63335
34005
23539
88
94544
90214
31439
19029
51628
36
9345
3646
38550
66614
24084
72870
1408
49170
37433
24043
50681
34191
75584
35476
20610
75545
65929
9247
66655
16583
90814
3885
15748
3117
16947
10207
13441
32575
33889
17806
57083
61684
75363
4552
64794
12713
3095
56966
6272
76608
4458
95417
13380
10277
92426
34870
95955
64822
99147
59223
11441
61715
22927
25314
75729
54692
22486
41248
56940
76582
52044
82965
63963
72320
96165
22804
27154
62094
94186
44343
69905
61855
40696
8858
86666
12351
10705
20539
75541
32406
85981
9920
21700
17325
52495
17985
91650
49119
97989
17032
77761
71673
63405
48608
27513
11004
92217
93676
2526
88477
77689
15706
38735
83095
29663
33438
20955
47963
69669
86860
42614
75509
16000
57257
94545
36297
38844
90220
15538
86992
49654
49076
41716
54526
38623
95483
11837
55525
89499
53737
21255
2745
81895
65907
68558
83573
37858
85938
5780
69565
81648
92675
85613
30547
59531
24084
97186
81974
9822
47938
95753
90069
82529
87865
61011
95643
82611
17876
63816
94603
51247
23373
81679
30781
5421
2095
79713
15047
27752
44613
65591
83601
35670
90689
34595
47847
61902
5201
43983
68487
46654
55302
94658
7227
76001
99118
52540
70927
663
15510
12039
65100
34691
14304
89690
16297
64569
66856
37260
6252
95772
87965
80556
84580
26070
81863
22663
91356
62678
37378
98494
26088
93809
20359
31301
45419
84288
65061
21194
58267
89559
10434
90729
14225
72790
62104
23278
48669
65690
86360
56153
56351
35294
58512
32362
14167
6105
94809
72389
63346
39899
94375
528
91483
93864
5688
49087
25634
61920
10698
68157
59120
53688
88920
88664
86740
80974
83723
22082
15766
2552
43504
31416
53396
24628
51558
75015
45257
66569
90184
7242
54123
79318
6958
18194
23162
47365
64042
8454
63850
14234
55073
24206
45092
46151
68358
23109
37170
88880
60001
1943
81784
78696
76060
93320
17782
40010
28958
30641
91062
39404
90086
88011
16732
68643
7924
24954
41735
97692
98995
4551
76995
72861
87549
8017
29522
34883
89152
38737
67007
97093
43193
94456
90077
54805
99815
87560
70706
93585
57897
10287
39193
26313
32445
74235
66665
16768
2117
1670
95259
40921
50584
9911
13899
96210
69069
9459
64061
93761
31611
31556
86921
58879
89489
11516
90990
21065
56718
80428
27624
96401
74647
59722
10737
52376
50423
10624
6569
98018
61448
63659
49573
60688
5956
42129
11257
94961
58432
97901
60258
18719
57845
97837
3963
86931
16527
34874
94689
94528
88024
88990
16707
46393
73349
30238
44348
44661
76803
38491
75951
21385
44915
12743
3630
88052
35011
56537
74581
82552
63560
55507
36136
68863
78660
8038
33772
85099
85918
30683
48996
41476
32440
36262
22299
41372
19774
74449
5319
35837
73388
32169
25887
24765
43623
14296
29829
86360
51048
63878
84161
50666
17766
35542
87781
32581
45453
5728
37786
5135
10766
89052
42219
24785
49266
31386
53373
17015
90095
67094
19670
92790
85392
60446
18727
94198
50802
99299
39345
61106
96405
72985
26018
69722
81026
45670
85920
18656
67105
31516
85445
28426
88183
88598
30985
76285
66543
74803
36988
9854
34657
50838
33232
70233
20837
72984
52804
8106
56828
91391
72464
94799
53111
58456
47864
14358
66248
56254
97504
72386
51877
71976
41402
72738
56812
85992
93071
94129
54195
88435
36749
45259
66749
7069
95721
89320
54946
11749
12139
6529
69243
58914
13913
6824
78525
53327
40058
13927
90540
33661
32289
16687
74303
33571
77724
23949
79348
30514
5237
65150
22178
70854
96259
50433
76367
51703
69828
41263
59539
47433
41150
85369
57770
91972
33192
38306
65981
66751
41565
27978
51481
98555
14419
18215
67086
41581
11107
92788
50053
3601
46057
12229
43617
77462
7582
92397
68989
55984
65297
15939
57425
40884
44360
15621
24341
4475
49908
61971
30434
26672
70909
46748
28392
9208
79008
78476
37993
64026
65075
96579
27277
83400
23753
66655
2957
25664
4692
40976
29344
92282
98009
55509
1800
29528
11098
87617
98107
61195
24105
17013
19105
47502
82132
16651
8601
69793
93724
49936
11746
60596
57192
65970
90981
34318
29024
65492
69107
25047
81940
56792
10180
4898
74060
33026
80640
38799
65215
80259
55465
29811
71596
68954
47124
22797
45753
90762
38717
63685
5366
77142
96922
56573
11269
76680
25252
21572
12881
73938
93579
32554
37501
4249
46032
5860
98850
56055
46093
18558
39783
55265
65074
57965
4297
94511
58176
42929
54723
4312
896
11767
11450
62828
77841
41758
94568
6231
25825
50742
89477
32691
33639
32658
41840
89523
91997
95730
11158
95279
68877
4528
76807
76398
57875
75310
95558
91454
10143
37767
55381
75170
14115
55727
56791
59030
31467
94397
80013
15691
32602
32317
63941
30312
450
42542
31162
23549
87497
9397
42228
38119
17675
4711
51929
53713
22111
20564
70493
13475
85751
44350
3415
29333
60437
66360
55083
83203
69299
30107
33392
56408
87171
71252
85208
588
32212
42270
25874
10011
45054
86884
99850
67339
63525
10819
24138
12788
23345
93554
21316
30047
28215
99563
44813
51417
36282
76866
35483
59331
4265
75802
25571
1751
15328
81514
23851
44894
92313
29966
74037
58328
64055
69148
77444
64670
9219
34698
10475
88967
49483
32275
47669
11288
1880
57814
21826
60143
28699
41156
14192
84040
42619
68617
69692
3848
34591
25636
74916
79558
92469
1991
19830
21643
69525
18877
88136
39413
43695
69754
85739
46596
80789
14936
21957
37828
77870
33708
3922
8824
16631
17149
91035
17713
833
79835
83389
75325
86725
79265
85750
8225
40871
58113
96999
59813
75895
66294
23849
82060
21435
77381
7198
23264
84908
